Input Weights
[0.6458938214969341, 0.15781840169038364, -0.39199641407276586, -0.835451953626529]
[-0.35338228831818125, 0.610883560909936, -0.27483225039820586, -0.1676265230343986]
[-0.6536397482390373, -0.6633424808896806, -0.5871949480016253, 0.75074685097664]
[0.8739898532558433, 0.2745503386340256, 0.8407576920822488, -0.15022240953873692]
[0.18979012766236011, -0.8870437925072704, -0.6962102013899715, -0.1989346544940761]
[0.9084932323724527, -0.9737803709080258, 0.09512900264633212, -0.6546260782961416]
[-0.4581017587641152, -0.10103466456831658, 0.9240985900157294, -0.6689211829857438]
[0.009585465125701423, -0.2963162435620389, 0.08938334767336827, 0.2356725098518469]

Hidden Bias
[-0.916412537816386]
[0.21564577104622773]
[-0.8223032220571355]
[-0.5035814841746725]
[0.4482519937704701]
[0.5622896181805732]
[-0.1799250126421987]
[0.7301811725170285]

Hidden Weights
-0.7382041582852912
0.2555733360978306
0.5129466121084623
-0.1439090394336114
0.6295893363467544
0.3545233212807928
-0.0814442274951458
-0.3049133188107085

Output Bias
[-0.5380795681063054]
